0.657143	0.004082	0.004082	0.004082	0.004082	0.004082	0.004082	0.004082	0.004082	0.004082	0.004082	0.085714	0.004082	0.208163	0.004082	
0.002597	0.002597	0.002597	0.106494	0.002597	0.002597	0.002597	0.002597	0.002597	0.859740	0.002597	0.002597	0.002597	0.002597	0.002597	
0.002985	0.002985	0.002985	0.002985	0.002985	0.002985	0.002985	0.002985	0.002985	0.002985	0.002985	0.002985	0.002985	0.002985	0.958209	
0.033150	0.000220	0.000220	0.000220	0.000220	0.000220	0.178046	0.000220	0.000220	0.000220	0.000220	0.000220	0.000220	0.786169	0.000220	
0.981457	0.001325	0.001325	0.001325	0.001325	0.001325	0.001325	0.001325	0.001325	0.001325	0.001325	0.001325	0.001325	0.001325	0.001325	
0.001739	0.001739	0.001739	0.001739	0.001739	0.001739	0.975652	0.001739	0.001739	0.001739	0.001739	0.001739	0.001739	0.001739	0.001739	
0.003636	0.003636	0.003636	0.003636	0.003636	0.003636	0.003636	0.912727	0.003636	0.003636	0.003636	0.003636	0.003636	0.003636	0.040000	
0.002597	0.002597	0.002597	0.002597	0.002597	0.002597	0.002597	0.002597	0.002597	0.080519	0.002597	0.002597	0.002597	0.002597	0.885714	
0.001709	0.531624	0.070085	0.001709	0.035897	0.035897	0.001709	0.001709	0.001709	0.001709	0.001709	0.001709	0.309402	0.001709	0.001709	
0.899401	0.001198	0.013174	0.001198	0.013174	0.001198	0.001198	0.001198	0.001198	0.013174	0.025150	0.001198	0.013174	0.013174	0.001198	
0.001905	0.059048	0.001905	0.001905	0.001905	0.001905	0.001905	0.001905	0.916190	0.001905	0.001905	0.001905	0.001905	0.001905	0.001905	
0.002817	0.002817	0.002817	0.002817	0.002817	0.002817	0.002817	0.960563	0.002817	0.002817	0.002817	0.002817	0.002817	0.002817	0.002817	
0.001307	0.001307	0.001307	0.511111	0.001307	0.001307	0.001307	0.118954	0.001307	0.341176	0.001307	0.001307	0.001307	0.001307	0.014379	
0.001681	0.001681	0.085714	0.489076	0.001681	0.001681	0.001681	0.354622	0.001681	0.001681	0.001681	0.001681	0.001681	0.052101	0.001681	
0.000418	0.000418	0.000418	0.000418	0.004593	0.000418	0.000418	0.000418	0.000418	0.000418	0.000418	0.000418	0.000418	0.004593	0.985804	
0.876364	0.076364	0.003636	0.003636	0.003636	0.003636	0.003636	0.003636	0.003636	0.003636	0.003636	0.003636	0.003636	0.003636	0.003636	
0.258182	0.003636	0.003636	0.003636	0.003636	0.003636	0.003636	0.040000	0.003636	0.003636	0.003636	0.003636	0.185455	0.476364	0.003636	
0.761240	0.001550	0.001550	0.001550	0.001550	0.001550	0.079070	0.001550	0.001550	0.001550	0.001550	0.001550	0.001550	0.141085	0.001550	
0.001942	0.021359	0.001942	0.001942	0.001942	0.001942	0.001942	0.001942	0.001942	0.933981	0.001942	0.001942	0.021359	0.001942	0.001942	
0.002299	0.002299	0.002299	0.002299	0.002299	0.002299	0.002299	0.048276	0.048276	0.875862	0.002299	0.002299	0.002299	0.002299	0.002299	
0.007885	0.817921	0.022222	0.000717	0.000717	0.000717	0.000717	0.000717	0.000717	0.000717	0.000717	0.007885	0.136918	0.000717	0.000717	
0.001739	0.001739	0.019130	0.001739	0.001739	0.158261	0.801739	0.001739	0.001739	0.001739	0.001739	0.001739	0.001739	0.001739	0.001739	
0.153964	0.200000	0.000512	0.000512	0.082353	0.000512	0.000512	0.000512	0.425064	0.000512	0.000512	0.000512	0.133504	0.000512	0.000512	
0.002062	0.002062	0.002062	0.002062	0.002062	0.002062	0.105155	0.002062	0.002062	0.558763	0.002062	0.043299	0.002062	0.002062	0.270103	
0.009778	0.000889	0.000889	0.000889	0.000889	0.000889	0.000889	0.000889	0.000889	0.596444	0.000889	0.000889	0.000889	0.000889	0.383111	
0.004082	0.004082	0.004082	0.044898	0.004082	0.004082	0.616327	0.004082	0.004082	0.044898	0.004082	0.004082	0.004082	0.248980	0.004082	
0.001504	0.001504	0.001504	0.001504	0.933835	0.016541	0.001504	0.001504	0.016541	0.001504	0.001504	0.001504	0.016541	0.001504	0.001504	
0.001575	0.001575	0.001575	0.001575	0.001575	0.017323	0.017323	0.001575	0.001575	0.001575	0.001575	0.001575	0.001575	0.946457	0.001575	
0.003636	0.003636	0.003636	0.076364	0.876364	0.003636	0.003636	0.003636	0.003636	0.003636	0.003636	0.003636	0.003636	0.003636	0.003636	
0.000905	0.000905	0.064253	0.000905	0.009955	0.000905	0.000905	0.000905	0.000905	0.000905	0.109502	0.552941	0.254299	0.000905	0.000905	
0.000542	0.000542	0.000542	0.000542	0.000542	0.000542	0.000542	0.986992	0.005962	0.000542	0.000542	0.000542	0.000542	0.000542	0.000542	
0.000351	0.000351	0.000351	0.000351	0.000351	0.000351	0.000351	0.285062	0.000351	0.710369	0.000351	0.000351	0.000351	0.000351	0.000351	
0.003077	0.003077	0.003077	0.003077	0.095385	0.156923	0.033846	0.003077	0.003077	0.680000	0.003077	0.003077	0.003077	0.003077	0.003077	
0.001835	0.001835	0.001835	0.001835	0.001835	0.001835	0.001835	0.001835	0.001835	0.001835	0.111927	0.001835	0.001835	0.001835	0.864220	
0.003922	0.003922	0.003922	0.003922	0.003922	0.945098	0.003922	0.003922	0.003922	0.003922	0.003922	0.003922	0.003922	0.003922	0.003922	
0.001143	0.538286	0.001143	0.001143	0.001143	0.378286	0.001143	0.001143	0.001143	0.069714	0.001143	0.001143	0.001143	0.001143	0.001143	
0.001047	0.001047	0.001047	0.001047	0.032461	0.001047	0.021990	0.001047	0.001047	0.001047	0.001047	0.001047	0.932984	0.001047	0.001047	
0.003279	0.003279	0.003279	0.003279	0.003279	0.003279	0.036066	0.003279	0.003279	0.626230	0.003279	0.003279	0.003279	0.298361	0.003279	
0.036066	0.003279	0.003279	0.101639	0.003279	0.691803	0.003279	0.003279	0.036066	0.003279	0.003279	0.036066	0.003279	0.068852	0.003279	
0.001093	0.001093	0.001093	0.055738	0.001093	0.001093	0.099454	0.110383	0.001093	0.001093	0.001093	0.022951	0.700546	0.001093	0.001093	
0.001835	0.020183	0.001835	0.001835	0.001835	0.001835	0.001835	0.001835	0.001835	0.919266	0.001835	0.001835	0.038532	0.001835	0.001835	
0.001905	0.001905	0.001905	0.020952	0.001905	0.001905	0.001905	0.935238	0.001905	0.001905	0.001905	0.001905	0.001905	0.020952	0.001905	
0.003390	0.003390	0.003390	0.003390	0.003390	0.003390	0.105085	0.783051	0.003390	0.003390	0.003390	0.003390	0.003390	0.003390	0.071186	
0.005405	0.005405	0.005405	0.113514	0.005405	0.221622	0.113514	0.383784	0.059459	0.005405	0.005405	0.005405	0.059459	0.005405	0.005405	
0.001835	0.001835	0.001835	0.001835	0.001835	0.001835	0.222018	0.001835	0.001835	0.754128	0.001835	0.001835	0.001835	0.001835	0.001835	
0.015385	0.001399	0.001399	0.001399	0.001399	0.001399	0.840559	0.099301	0.001399	0.015385	0.001399	0.001399	0.001399	0.015385	0.001399	
0.002597	0.054545	0.002597	0.911688	0.002597	0.002597	0.002597	0.002597	0.002597	0.002597	0.002597	0.002597	0.002597	0.002597	0.002597	
0.002740	0.002740	0.002740	0.057534	0.002740	0.852055	0.002740	0.002740	0.030137	0.002740	0.002740	0.002740	0.002740	0.002740	0.030137	
0.000743	0.000743	0.000743	0.000743	0.959851	0.000743	0.000743	0.000743	0.023048	0.000743	0.000743	0.008178	0.000743	0.000743	0.000743	
0.000957	0.000957	0.000957	0.000957	0.000957	0.000957	0.661244	0.000957	0.000957	0.000957	0.000957	0.000957	0.000957	0.000957	0.326316	
0.002469	0.002469	0.002469	0.002469	0.002469	0.002469	0.817284	0.002469	0.002469	0.002469	0.002469	0.002469	0.051852	0.027160	0.076543	
0.004444	0.004444	0.004444	0.004444	0.004444	0.937778	0.004444	0.004444	0.004444	0.004444	0.004444	0.004444	0.004444	0.004444	0.004444	
0.347126	0.002299	0.002299	0.002299	0.002299	0.002299	0.002299	0.002299	0.002299	0.002299	0.002299	0.002299	0.002299	0.622989	0.002299	
0.002469	0.002469	0.002469	0.002469	0.002469	0.002469	0.002469	0.965432	0.002469	0.002469	0.002469	0.002469	0.002469	0.002469	0.002469	
0.002985	0.002985	0.002985	0.958209	0.002985	0.002985	0.002985	0.002985	0.002985	0.002985	0.002985	0.002985	0.002985	0.002985	0.002985	
0.001399	0.001399	0.001399	0.001399	0.001399	0.029371	0.001399	0.001399	0.001399	0.001399	0.630769	0.001399	0.001399	0.001399	0.323077	
0.002985	0.032836	0.002985	0.002985	0.092537	0.002985	0.002985	0.002985	0.002985	0.540299	0.002985	0.002985	0.002985	0.002985	0.301493	
0.002817	0.002817	0.002817	0.960563	0.002817	0.002817	0.002817	0.002817	0.002817	0.002817	0.002817	0.002817	0.002817	0.002817	0.002817	
0.002817	0.002817	0.087324	0.002817	0.002817	0.002817	0.087324	0.002817	0.002817	0.002817	0.030986	0.002817	0.002817	0.002817	0.763380	
0.003774	0.003774	0.003774	0.003774	0.003774	0.003774	0.003774	0.796226	0.003774	0.003774	0.041509	0.003774	0.003774	0.003774	0.116981	
0.002299	0.002299	0.002299	0.025287	0.002299	0.048276	0.002299	0.875862	0.002299	0.002299	0.002299	0.002299	0.002299	0.025287	0.002299	
0.002151	0.002151	0.002151	0.002151	0.002151	0.002151	0.002151	0.002151	0.002151	0.926882	0.002151	0.002151	0.002151	0.002151	0.045161	
0.002353	0.002353	0.002353	0.002353	0.002353	0.002353	0.025882	0.002353	0.002353	0.943529	0.002353	0.002353	0.002353	0.002353	0.002353	
0.017323	0.001575	0.017323	0.851969	0.064567	0.001575	0.033071	0.001575	0.001575	0.001575	0.001575	0.001575	0.001575	0.001575	0.001575	
0.001869	0.001869	0.001869	0.001869	0.001869	0.039252	0.001869	0.001869	0.001869	0.936449	0.001869	0.001869	0.001869	0.001869	0.001869	
0.040000	0.001905	0.001905	0.001905	0.059048	0.001905	0.001905	0.040000	0.001905	0.801905	0.001905	0.020952	0.020952	0.001905	0.001905	
0.002353	0.002353	0.002353	0.002353	0.025882	0.072941	0.002353	0.025882	0.002353	0.849412	0.002353	0.002353	0.002353	0.002353	0.002353	
0.001802	0.001802	0.001802	0.001802	0.001802	0.001802	0.001802	0.001802	0.001802	0.974775	0.001802	0.001802	0.001802	0.001802	0.001802	
0.001575	0.048819	0.001575	0.001575	0.001575	0.001575	0.001575	0.001575	0.001575	0.001575	0.001575	0.001575	0.930709	0.001575	0.001575	
0.000897	0.000897	0.009865	0.000897	0.000897	0.009865	0.000897	0.009865	0.000897	0.000897	0.000897	0.000897	0.000897	0.000897	0.960538	
0.933835	0.016541	0.001504	0.001504	0.001504	0.001504	0.001504	0.001504	0.001504	0.031579	0.001504	0.001504	0.001504	0.001504	0.001504	
0.000242	0.405091	0.000242	0.000242	0.000242	0.586909	0.000242	0.002667	0.000242	0.000242	0.000242	0.002667	0.000242	0.000242	0.000242	
0.002151	0.002151	0.002151	0.002151	0.002151	0.754839	0.002151	0.066667	0.002151	0.002151	0.002151	0.002151	0.045161	0.109677	0.002151	
0.001325	0.027815	0.001325	0.954967	0.001325	0.001325	0.001325	0.001325	0.001325	0.001325	0.001325	0.001325	0.001325	0.001325	0.001325	
0.001026	0.001026	0.001026	0.001026	0.001026	0.001026	0.001026	0.985641	0.001026	0.001026	0.001026	0.001026	0.001026	0.001026	0.001026	
0.002353	0.002353	0.002353	0.002353	0.002353	0.002353	0.002353	0.002353	0.002353	0.967059	0.002353	0.002353	0.002353	0.002353	0.002353	
0.000976	0.000976	0.000976	0.000976	0.000976	0.000976	0.000976	0.966829	0.020488	0.000976	0.000976	0.000976	0.000976	0.000976	0.000976	
0.000830	0.258091	0.009129	0.000830	0.000830	0.000830	0.000830	0.000830	0.042324	0.000830	0.000830	0.282988	0.349378	0.000830	0.050622	
0.001379	0.001379	0.001379	0.001379	0.001379	0.001379	0.015172	0.001379	0.001379	0.001379	0.939310	0.001379	0.001379	0.028966	0.001379	
0.000743	0.707063	0.008178	0.000743	0.000743	0.000743	0.000743	0.008178	0.000743	0.000743	0.000743	0.000743	0.223792	0.045353	0.000743	
0.003390	0.003390	0.003390	0.003390	0.003390	0.037288	0.003390	0.003390	0.071186	0.783051	0.003390	0.003390	0.003390	0.003390	0.071186	
0.000922	0.203687	0.083871	0.314286	0.047005	0.037788	0.000922	0.000922	0.010138	0.000922	0.000922	0.277419	0.000922	0.000922	0.019355	
0.001739	0.001739	0.001739	0.175652	0.001739	0.001739	0.001739	0.801739	0.001739	0.001739	0.001739	0.001739	0.001739	0.001739	0.001739	
0.021359	0.001942	0.001942	0.001942	0.001942	0.060194	0.895146	0.001942	0.001942	0.001942	0.001942	0.001942	0.001942	0.001942	0.001942	
0.000627	0.000627	0.000627	0.000627	0.000627	0.000627	0.000627	0.000627	0.000627	0.000627	0.991223	0.000627	0.000627	0.000627	0.000627	
0.000702	0.000702	0.000702	0.000702	0.000702	0.000702	0.000702	0.000702	0.000702	0.000702	0.927018	0.000702	0.000702	0.007719	0.056842	
0.017664	0.011966	0.000570	0.000570	0.000570	0.000570	0.000570	0.000570	0.000570	0.000570	0.029060	0.000570	0.929345	0.006268	0.000570	
0.001681	0.001681	0.001681	0.001681	0.001681	0.018487	0.035294	0.001681	0.001681	0.001681	0.001681	0.001681	0.001681	0.001681	0.926050	
0.000208	0.000208	0.000208	0.000208	0.000208	0.182970	0.000208	0.002285	0.812253	0.000208	0.000208	0.000208	0.000208	0.000208	0.000208	
0.001980	0.001980	0.001980	0.001980	0.021782	0.001980	0.001980	0.001980	0.001980	0.061386	0.160396	0.001980	0.001980	0.001980	0.734653	
0.000097	0.000097	0.000097	0.003979	0.000097	0.000097	0.395051	0.000097	0.000097	0.000097	0.001067	0.000097	0.000097	0.598836	0.000097	
0.004444	0.004444	0.004444	0.004444	0.004444	0.715556	0.004444	0.004444	0.004444	0.004444	0.004444	0.004444	0.004444	0.004444	0.226667	
0.000390	0.004288	0.000390	0.000390	0.000390	0.195322	0.000390	0.000390	0.203119	0.000390	0.000390	0.000390	0.491618	0.000390	0.101754	
0.000342	0.000342	0.000342	0.000342	0.000342	0.000342	0.414017	0.000342	0.003761	0.000342	0.000342	0.000342	0.000342	0.000342	0.578120	
0.001342	0.001342	0.001342	0.014765	0.001342	0.014765	0.001342	0.001342	0.014765	0.001342	0.940940	0.001342	0.001342	0.001342	0.001342	
0.000673	0.835690	0.000673	0.034343	0.000673	0.000673	0.014141	0.000673	0.000673	0.020875	0.007407	0.000673	0.000673	0.000673	0.081481	
0.000466	0.000466	0.000466	0.000466	0.009790	0.000466	0.000466	0.984149	0.000466	0.000466	0.000466	0.000466	0.000466	0.000466	0.000466	
0.000712	0.000712	0.000712	0.897509	0.000712	0.000712	0.000712	0.000712	0.050534	0.043416	0.000712	0.000712	0.000712	0.000712	0.000712	
0.000557	0.000557	0.000557	0.000557	0.000557	0.000557	0.017270	0.000557	0.000557	0.000557	0.000557	0.000557	0.000557	0.975487	0.000557	
0.025693	0.000504	0.000504	0.000504	0.000504	0.000504	0.000504	0.000504	0.000504	0.957683	0.000504	0.000504	0.000504	0.000504	0.010579	
